-1.624469680587542209e-01
1.784306710498841264e+00
3.524149278909532446e-01
-3.569420063942974064e-01
1.493204409320262327e+00
-3.119961790465327067e-01
-1.121436166490876518e+00
-1.604700602482286076e+00
-5.569302949470513742e-01
5.647137667407156059e-01
-5.124871116023508311e-01
1.198359915384547558e-01
1.160663699179468544e+00
-1.309806371343639197e+00
-3.650557842420898425e-01
6.647377601888845855e-02
1.268990883812869841e+00
8.793752130610306139e-01
-1.848227093064367166e+00
6.490256340261321144e-01
-1.656387604375900435e-01
-3.057765111582224082e-01
-1.090229177434260954e+00
-1.426800067883241541e+00
-2.201085561442458705e+00
-1.299437269531019012e+00
3.969604369437486624e-01
-5.311626355299995383e-01
4.778203103515614725e-01
7.882624834020781623e-01
7.080849338190792208e-01
-9.883830297206347426e-01
9.756122294280660245e-01
2.930474919823025104e-01
1.100051679740440685e-01
-2.160140674417743989e-01
-8.572257009954536988e-01
2.342253048638548218e+00
-7.021178256160278686e-01
-1.197271711392075888e+00
7.005175860864891746e-01
-3.343890305029386667e-01
1.112406728197440797e+00
1.401949111637317724e+00
2.048483868609997316e+00
-3.024842062023542794e-03
8.710900884735794936e-01
-8.004077139317601342e-01
1.388832013450516989e+00
-1.594282573532416758e-01
1.099565902575615040e+00
-9.821301506439378270e-02
8.545654416506840434e-01
3.117865689385292960e-01
-6.185492248873433185e-01
-2.158139836917974730e+00
7.538790993312866062e-01
4.811377605295918403e-01
9.781600186229364446e-01
3.322836733218726968e-01
1.207593770181069948e+00
7.435151556909334047e-01
2.843977827119568147e+00
-6.033766768891668519e-02
-5.651693421064816342e-02
-1.571496154546220936e+00
5.306383301191258672e-01
-2.950834130893419116e-02
3.279662906825133728e-01
-1.546301948855151487e+00
-2.726409824422623002e-02
-1.323014082600091568e+00
1.602812978777376385e+00
3.556755566028070303e-01
1.309081751851018938e-01
1.569566359595863325e+00
-3.913720557366041630e-01
5.012259220800726611e-01
-4.164365927391555644e-01
5.886679471532180186e-02
5.946015071003877273e-01
-8.263956043949822750e-01
8.227806966301780545e-01
7.267379365738708685e-01
7.954278157143880312e-01
-1.029990105918810794e+00
3.264689809324547998e-01
1.737958098710871702e-01
6.317267951056173558e-01
-4.182413256671432267e-01
-1.007270047199011753e-01
3.628694866063349456e-01
-5.435534035650972928e-01
-1.221051275273722592e+00
-1.091428422484367777e+00
-1.236029106541266964e+00
2.090473181086783150e+00
-1.624033135514957538e+00
-1.132732646657157671e+00
1.284644133130006916e+00
2.453319350400787524e+00
-1.430685764695959650e+00
-4.639106542306150605e-01
9.886221363039735532e-01
5.776971556855220458e-01
-1.073050530981527917e+00
3.000184329666905625e-01
6.480687627164547493e-01
-4.118830713696411405e-01
-1.289352659091264508e+00
9.096285498291865057e-01
2.204548062022766874e+00
-7.386221285593144725e-02
7.917582823239848189e-01
-1.060797008236713079e+00
1.237361740429271162e+00
-8.770025037316923067e-01
-5.000910277624101008e-01
-6.282272873767139609e-01
3.792090245637540907e-02
8.238770504796997241e-01
-3.996147880131791785e-01
7.841873253176008529e-02
2.238385454326768276e+00
5.049542067839105641e-01
-2.718369932423356783e-01
1.552781974836891177e+00
-1.101232599270901336e+00
8.009100643435307365e-01
1.686039119930930363e+00
-3.609511742611984375e-02
3.665993694091135291e-02
-9.312121879943653369e-01
-7.521492274020107338e-01
1.058740523498031605e+00
9.567178733502510468e-01
-7.217168120458354874e-01
7.847355645860097928e-01
-4.940380632056527443e-01
-8.558114385428839954e-01
1.038240244689171837e-01
-3.459372175405923122e-01
6.391674277392058734e-01
3.163964660493331360e-01
1.388576878906524759e-01
1.613462504484094451e+00
9.464272848409950589e-02
-1.750971549353235457e-01
-1.118675942292870040e+00
-1.314430292471702177e+00
-6.415151602125310770e-01
8.834510706258803525e-01
5.006923836269444594e-01
1.760407185388284113e-01
-3.367893381023924770e-01
1.933949714855391466e+00
8.808984253541131126e-01
1.944971790944070467e+00
6.019971429246642192e-01
-1.599472888677196947e+00
-1.645103423291673028e+00
1.217590277897620421e+00
-5.637385099713979053e-02
9.508740344713826342e-01
2.479826544285795020e-01
-1.088897223278601389e+00
-1.075300517269576345e-02
6.982526860323483575e-01
2.995886678307896123e+00
-3.989352480077396623e-01
1.435677836687425213e+00
4.595584708907130556e-01
7.818496578323571589e-01
-3.418235741652800863e-01
-1.254396583690402245e-02
-3.809420832459260442e-01
-1.297737131763786467e+00
2.554482123912714675e-01
1.835919328659285921e-01
3.492821696632229522e-01
8.915521880698266122e-01
-7.971241848116425999e-01
7.065074363561241189e-01
9.972668851100495724e-01
-6.482962952624737873e-01
7.832480544575735060e-01
-4.395056880288863987e-01
-1.124241060108371659e+00
1.793161423377829911e+00
-1.262898241413084877e-01
1.690206709630298620e-01
-2.486869968095484495e-01
1.988370468899733456e+00
9.670414749924567399e-01
-1.813925801326272236e+00
1.581371627799600110e-01
-1.652822136703459843e-01
-1.385796849371126793e+00
-8.212955658144616145e-01
-6.688685378877989862e-01
-7.099012767164324111e-02
8.249904487755688187e-01
9.521564534611137720e-01
6.414306353385955672e-01
-4.761364346772464784e-01
2.677106648102020592e-01
-2.649572317967715751e+00
-6.806395095982656906e-01
3.993314051107192397e-01
-4.293937254094707390e-01
-6.507174450655949238e-01
9.313160615773734552e-01
8.048138954786422383e-01
2.199521366338391681e-01
-1.190335411943040045e+00
-9.537571934472830470e-01
-1.138317547868624935e+00
1.187227269498102755e+00
1.834768504814096590e-01
-6.959630605921289792e-01
-7.714518451928706888e-01
1.454499263353985272e+00
7.908828149245359374e-01
3.763312058678857097e-01
-4.065352960902961915e-02
1.436931444971922378e+00
-9.776315385890886889e-01
-2.520838236576507518e-01
2.137429796760569600e-01
6.928436776651744067e-01
2.394346971958191406e-01
-8.783910597095904160e-01
-4.115761145855675873e-01
4.678735831375320231e-01
-3.434616430990402591e-01
-1.217877424481244919e+00
-7.088665286905075913e-01
-1.152030151858403739e+00
1.216686522501601919e+00
-3.039241139048986518e-01
-1.505469132793600284e+00
-2.405728477911816543e-01
-1.892525445601287923e-02
1.025072181103826807e+00
2.056207981338035395e+00
6.449541807557349626e-01
-9.119562099870508476e-01
-8.059492137114361299e-01
4.288707125216527638e-01
1.340902053552853079e+00
-1.318393033803679781e+00
-3.190348307934759431e-01
1.281591519617600650e+00
2.450174781757535336e-01
-1.528317520085176739e-01
1.071615356698713883e+00
-1.157725821373592590e+00
-5.661781640156611228e-01
1.671573767530614152e-01
2.292541739840304960e+00
-1.156016860951981917e-01
-2.198970651515607111e-01
-1.268588873910431403e+00
-2.442419137185296574e-01
-1.359361395573430165e-01
2.481750086982995318e-01
-1.118792182241643118e+00
-1.161784108700545159e+00
-1.664240358341415871e-01
2.844301903195146419e+00
3.979235406703176547e-01
1.741089949891608812e-01
-1.190818240996468047e+00
9.159852006712071448e-01
-6.851927538596512823e-01
-5.122206513345081147e-01
1.381475515547018473e-01
1.065784973900663207e-01
2.321953130891700745e+00
-8.284100844896751248e-01
3.881767384212502225e-01
7.072044130505826809e-01
-6.478375229748909447e-01
1.383505348431302462e+00
-4.082445149295468867e-01
4.539515600401645701e-01
-5.371039271820748917e-01
1.411914941086880093e+00
-6.960723129004973142e-01
4.295833476931787964e-01
-3.919530651218561257e-01
-1.431689967485358039e+00
7.554169979317058026e-01
1.509561184919597787e+00
5.880411812435006880e-01
-1.108940607370986875e+00
-5.116209603985313326e-01
8.479609728277213154e-01
-3.359816383827330388e-01
-1.707767423210218294e-01
-1.784646739781818425e+00
-7.517697890389285487e-01
-1.584156502375779763e+00
-2.741538880852833149e+00
5.845197498428780225e-01
-1.534193500763276985e+00
6.849570249884934237e-01
-1.819654470357779052e+00
1.230212841923481015e+00
-1.067279419173621097e-01
6.785808342088536227e-01
-7.686466340617051918e-01
-2.004740094856182875e+00
-8.665663143872603946e-01
1.909956380266551568e+00
-2.313634614451212101e-01
7.035984855436969720e-01
8.625201476563495451e-01
-2.665216573921242116e+00
-3.938578603507718601e-01
-3.677616496856537243e-01
1.028953447725156511e+00
-1.296108867325593605e+00
6.628298511707322316e-01
1.290456557267716020e+00
2.498188953180788263e-01
-1.988236518655986051e+00
-1.112234244354930679e+00
-1.471706834527583663e+00
1.204549513813743422e+00
2.630545054006469541e-01
-8.659057986272793439e-01
-2.988390557253101099e-01
-1.059666897810769060e+00
5.519222881495073896e-01
5.807762425045216448e-01
4.748177989112144504e-01
-1.143228323580490091e+00
-4.596109526149995128e-01
5.322923239445940258e-01
1.777579696661444331e-01
6.437492285874697739e-02
8.197504879956020174e-01
3.330586242739457248e-01
-5.548279217795124563e-01
-9.822008669712832818e-01
-4.206262529083193424e-01
-9.448443114469322335e-02
-1.240726973934826338e+00
-4.984764444364317426e-01
8.364242818831282844e-02
5.324056601516334863e-01
-1.777704312099169792e-01
-5.418373031886730695e-01
-3.148872670066940604e-01
-5.673190639464266161e-01
2.337788431662848054e-01
-1.660670558163117594e+00
7.998009314906610046e-01
1.734097912745485415e+00
-2.750082382870281394e-01
-8.687606498171589475e-01
6.494299856389862402e-02
2.025503478720602213e-01
-4.280744798414199415e-01
-1.683144164086415984e+00
-1.022184516323779269e+00
3.260682089736238742e-01
-6.641994253905502132e-01
3.069284769162705304e-02
7.513728409322955049e-01
-1.437900202236058522e+00
7.936071206791635024e-01
-5.415731444849318788e-01
-1.230553075970638011e+00
-5.148181913938557619e-01
-1.078480374930679692e-01
3.526269837331698631e-01
-2.716699063933171177e-01
2.060481692154518818e-01
1.360918901274671855e+00
5.740456023690198029e-01
6.261037656925221018e-02
-8.644808714327214538e-01
-1.030524895992276591e+00
3.532686554143789626e-01
8.004537252731764863e-01
-5.858288120512087360e-01
-7.298254102291533429e-02
6.682728832476967362e-01
9.626535834401180880e-01
-1.505239121769518684e+00
1.200883272184529060e+00
1.205715476766970662e+00
-4.863791529560400617e-01
1.980526068894225555e-01
-9.203580564502809036e-01
1.320560537285947467e+00
-1.417599053735116632e+00
1.592221760705831712e-01
-5.826816957772837924e-01
3.965487196672790038e-02
2.010453767563106786e-01
1.490930675918118231e+00
-2.419500030073332475e+00
-1.115804783068934602e+00
-3.025104405249317008e-01
4.802847047043235507e-01
9.806000483430371562e-01
-2.055121412483245091e+00
-6.245399746936105556e-01
8.801145195666830734e-01
9.978714570539902740e-01
3.145595290291530732e-01
3.728408041268223005e-01
5.886378486229282281e-01
4.643706030401791862e-01
-4.620180338249433860e-01
-4.400621632917487425e-01
2.150854396262504409e+00
-2.018684785896323608e-01
8.099073616760977812e-01
2.714919763547245068e+00
-3.845503675942181787e-01
-1.078628771481584092e+00
7.240879091790012323e-01
-5.189280971861300884e-01
-1.144676714767640213e+00
3.932625031390910193e-03
-2.047044185128634591e-02
-7.973348410501723826e-01
5.630797564116618581e-01
-1.881990134896083522e-01
1.219235257068900652e-02
5.004042924556577621e-01
-3.381000450848018479e-01
-1.279140525011581042e+00
-7.725800618981955026e-01
-9.449679547393741164e-01
1.749017271987298172e-01
-4.981664696433363848e-01
7.392961136073934458e-01
-5.666560139497214821e-02
1.290437393580432968e+00
-1.942696732013963423e+00
5.420093451191042577e-01
6.154353023979246551e-01
-5.341624105072582118e-01
-4.211374729925147498e-01
3.983624776195934247e-01
-9.242805612945987903e-01
1.278339932075037266e+00
-1.155464778473884069e+00
-1.479393891065913902e+00
-1.478201879780103978e+00
-1.691457517803278687e-01
-1.310730336267400764e+00
-5.406094980593464383e-01
-1.545365773757216010e-01
1.883550083571625122e-01
-4.112381997130722389e-01
-9.627952176355989433e-01
7.175582837684794102e-01
-1.315733239645949793e-01
-4.888975804652711532e-01
2.083458592650826446e+00
1.954425911393960213e-01
-1.297080069900639065e+00
8.286281145465988762e-02
-1.912524579991974338e-01
-1.172327886307463762e+00
-3.434060510358222795e-01
1.879766873417197282e+00
6.061378330297807482e-01
8.690455039575868401e-01
-8.274125637732878680e-01
2.556119555320182091e+00
6.408439918338190155e-01
-1.123207612013052970e+00
1.029520494369624561e-01
-6.288860955740610548e-01
-1.330677557077581730e+00
1.886343683602051069e+00
-5.843990967415949589e-01
-9.261419644258269690e-01
-3.463634050858374613e-01
-7.385392295394391793e-01
1.449015789382073871e+00
8.528040424944375308e-01
1.123913779679499125e+00
-4.870186987922472399e-01
6.190453519486710521e-01
-6.806093580221818096e-01
-5.151826502964779175e-01
-6.348394207206750073e-01
-1.529747323754483690e-01
-2.054492269450677089e+00
2.416674420488505448e-01
-3.029361314914337244e-01
-7.623127989034029772e-01
-1.326963544474354828e+00
-1.736906847205143434e+00
-4.644254992565692297e-01
7.562690648683422223e-01
-9.066264058208113319e-01
3.491089389971067658e-01
3.546274789907150615e-01
-2.135630200733883655e+00
3.313881892172923505e-01
1.285437161461672195e+00
-5.017833479043041223e-01
-6.210970135472958509e-01
1.443180117091351911e-01
1.285206572134174996e+00
-8.590099031145392861e-02
-7.142761233678832644e-01
-8.061299399234420626e-01
-2.316424476675397470e-01
-2.277919765765602789e-01
-8.803959230704427874e-01
-1.096013165379166709e+00
-2.335727329780860895e-02
1.158157142469841583e+00
8.479360861673244099e-01
-1.940681701340906784e+00
1.208192096822802375e+00
-2.261743275774677819e+00
9.282175571581571250e-01
-5.596827294173964962e-01
3.138740574696580743e-01
-1.004106965733509549e+00
-9.819075749862620217e-01
2.249494268590575441e+00
1.368120562400214402e+00
-7.912851900390266077e-03
-9.371226863510306870e-01
1.205211503904259240e+00
1.208520268102937667e+00
-4.677797704530987644e-01
-7.888980310890697512e-01
-1.906959230780075343e-01
2.943676306345047733e-01
1.143783549451067999e-01
-3.099610863659912341e-01
-2.143350381523520198e+00
1.134182491664427195e+00
1.208714248789401147e+00
8.773732079608457246e-01
3.208024801531818571e-01
9.052160421337314133e-01
-2.847228291248878884e-01
-7.141478058620382985e-01
4.315688237222093937e-01
4.142182969778331891e-01
-1.318892430530598903e+00
-8.726141349407730008e-01
1.624746408515586937e+00
-1.497744008101054847e-01
-3.270990507893016819e-01
-1.142957626172077745e+00
-2.212907934865243897e-01
-2.004983997613713154e+00
9.640876898603607525e-01
7.921141928738240079e-01
9.440831319167433122e-01
8.001211757566923932e-01
1.004129806845247330e+00
-2.003424759087667262e+00
-1.988798165834117837e+00
5.223045265356276445e-01
-1.250020874961451867e+00
-1.469982259385625545e+00
1.676711536638346711e-01
-1.529155470857333221e-01
-2.956700494639748489e-01
9.026305026452581259e-01
1.019013849048810982e+00
-7.835628909149743304e-01
1.082398332125350748e+00
3.795672571869081469e-01
-2.047050054710950029e+00
1.158997737210933909e+00
6.963001341528212151e-01
6.746645642556765854e-02
6.066017257263011109e-01
4.689682151122898102e-01
1.423263293820793640e+00
3.096996321228910887e-01
7.148321153787186299e-02
-7.438727828863115343e-01
-1.375878032850876009e-01
-7.601402719335165203e-01
9.573168810381248450e-01
1.974396564787101460e-01
-3.668502283190918090e-01
3.411504738043737994e-01
1.053328736518947206e+00
-1.408317341616267537e+00
-1.273847826595096100e+00
1.035318267980513962e+00
-1.210003408556109550e+00
3.059086893463415224e-01
1.601438916473572893e-01
-1.340619358245797699e+00
-1.033306695070420167e+00
-5.937066467739385844e-01
-8.593411354832163340e-01
2.850241145133444731e-01
-1.145239584333506144e+00
-9.353043400025777832e-01
1.462193681711305260e+00
1.909783640447425990e+00
2.350807415980704196e+00
-5.163920892192268991e-02
-9.118292516476290688e-01
7.616684695608593181e-01
-8.958626391219855212e-02
1.097861360699305511e+00
2.975253695280167254e-01
-7.163719816455762501e-01
-2.361898048498992653e-01
1.303243563670047900e+00
-7.014023176104933199e-01
-1.008607314751932993e+00
7.882417291187209241e-01
-2.978778517272215876e-01
-1.102863625448160301e+00
7.071727898931827738e-01
-1.216801625075059068e+00
-2.390894776344752986e-03
-1.316776329781699229e+00
9.367323236331248637e-01
3.623041255267119842e-01
7.986900492838741594e-02
-8.476280175663756244e-01
1.700318758339922909e-01
-1.758394805196230454e-02
-5.004979322410338938e-01
1.649470861493331109e+00
-2.021929113599989225e-01
5.085684000450818587e-01
1.955150080390769540e+00
5.505280376622144756e-01
-4.888992106390497860e-01
1.077437247098164130e+00
-1.987991293845903673e+00
6.643195501033597461e-01
-1.255785185711708385e+00
-3.691991413614104656e-01
9.500883568426450321e-01
4.667893459303175674e-01
8.114170690006037301e-01
1.337577944040845734e+00
1.292142594637699649e+00
-1.013064968853621406e-01
-8.203569428561267168e-03
-3.760890647414437682e-01
-5.110296813683540273e-01
-1.045501500688338220e-01
-2.641780813194232191e-01
-9.229429900781757068e-01
-3.846890879082346532e-02
-1.382232380972255648e+00
-2.308651289544945140e-01
-3.737694660563501969e-01
9.334890998261752282e-01
-4.046581543001080972e-01
-8.490103929012079442e-01
-5.761440167548185221e-01
1.322443443415663444e-01
7.183245269652739351e-01
2.968898665887377227e-04
-6.655448553895122465e-01
-3.249760448514236177e+00
-1.311199429024012097e+00
-9.391043197636479434e-01
-1.604245757341684342e-01
-1.244412239331206704e+00
-1.180881003305437993e+00
-9.672896709208862465e-01
8.595027937900049375e-01
-7.423147614691901763e-01
1.020900709785294708e-01
2.240775486438655872e-01
-1.075967220465836593e+00
2.117776224318191680e+00
9.067965295754063515e-01
-1.034878361358739118e+00
-2.768352741070259082e+00
8.616622846137881320e-01
-3.939570752099407769e-01
-4.587869265570069244e-01
1.609465228736964570e-01
-1.624139532523815932e+00
-1.806828555870954034e+00
-9.617265341620078178e-01
1.147569963387911285e+00
1.371517088705103138e+00
-5.909499625351579688e-01
-1.128193522693740292e+00
-5.037146492877063730e-01
-5.961683729926152697e-01
-3.639918488615472847e-01
1.292009351703748532e+00
9.201617016017419326e-01
9.160519061456895429e-01
1.261519839716740143e-01
1.459288466107512283e-01
1.743360603802326381e+00
1.512469399512267554e+00
-6.118397340418141317e-01
-8.342617768575040504e-03
-1.276364449811292268e+00
-2.038059930955594401e-01
1.028514959689150743e+00
1.150038494125741328e+00
4.854702555512833279e-02
1.157589978992586754e+00
-1.612665709259500035e+00
-2.490512173596229895e-01
-3.001786239229100595e-01
1.057910406256007407e+00
1.424677293400005818e+00
3.397021487737156287e-01
-1.325579084249061790e+00
7.075990032045412770e-01
-2.435913436639395857e-01
-5.136972794196431602e-01
-1.123534960308934183e+00
2.430802578895050192e-01
7.551790325090881884e-02
3.103327605987764581e-01
1.583143184778326606e+00
1.025605946626114567e-02
6.286993742982146527e-01
3.018620591593440539e-01
4.398473072963773323e-01
-8.555437315999709913e-01
-8.442087522444351455e-01
-1.636986018697076162e+00
-1.486424336094688714e+00
6.452426285384886828e-01
-2.135801127389150622e+00
-5.294373962826216529e-01
8.867537313365059237e-02
8.665198000292134717e-01
3.052100846794087441e-01
6.503004263905201032e-01
7.272914249819150134e-01
-9.797113323986830213e-01
4.902151618971050673e-01
-1.597131802949345092e+00
1.224577263185836040e+00
-1.577838700201633859e+00
8.434056328286460014e-01
-6.475195402687430324e-01
1.232165865325234533e+00
-6.008829217887368124e-01
4.567503533683222594e-01
9.727126494975181226e-01
1.309657546266531192e+00
3.653645736152694723e-01
-3.711759232291025890e-02
1.008322514198047859e+00
-7.618317333980558770e-01
1.674168370807997075e+00
-5.899612881626464106e-02
-1.015744684070214870e-01
-4.597287487322019306e-01
8.771662513906417491e-01
-1.107959039015917302e+00
6.697443513872601839e-01
4.613228668403931976e-01
2.269356173622785744e-01
-1.948572887304476919e-01
-8.357383525207600083e-01
3.506549620005745549e-01
-1.122709233639697768e+00
-1.057584103830661704e+00
-4.791043797962792894e-01
-6.866569991791405814e-01
2.895781730963843323e-02
-1.059521182198361222e+00
-2.137645291295811489e+00
-2.604668483124503719e-01
-7.130133336109454323e-01
-1.042843379638777268e+00
-2.281670653894438683e+00
2.075714559854306140e-01
-2.350545515629490989e+00
-9.894327583582562813e-01
1.791401369101582430e+00
1.732829501953058460e-01
-1.230438634970616230e+00
1.043366992606701071e+00
4.918647968358169642e-02
7.174269452028398941e-01
-7.345207333844318009e-01
3.426517008411573972e-02
1.179380401097504194e+00
-1.842326623201570257e+00
-1.319149382090309297e+00
-6.791590258230492116e-01
1.119760855615549389e+00
-4.997635064836139507e-01
-2.412321781800495502e-01
-1.499465707703579564e+00
2.310265160235982496e-01
-6.447794737331563608e-01
-3.419534927409315639e-01
-1.192904086230034189e+00
-3.601362885376412915e-01
-9.647386911755579941e-01
-3.394931709934909669e-01
1.901017787887029575e+00
-1.182682060753612596e+00
-2.516846768874269613e-01
-3.268944574963141836e-01
-1.101487184562242927e+00
1.058191672968790131e+00
-1.264481018983262817e-01
1.667293336829608619e-01
-3.259739260866495458e-01
-9.901369006105708026e-01
-7.413328485551408109e-01
8.330184389136705558e-01
-2.062385363563339347e+00
1.687277767607023637e+00
-8.897241882100882793e-02
-1.693728334853879192e+00
8.230283460291977216e-01
2.667472880349947562e-01
5.226934029257728209e-01
1.888058028774752595e+00
2.262192324306903757e+00
-4.082917917936841334e-01
-1.782999045896771495e+00
1.487915924044490579e+00
2.895407923629971236e-01
4.040197220823968371e-01
-1.129602302240070577e-01
-1.491180390256662269e-01
-3.832490824888855063e-01
-8.688307764121246946e-01
-1.217138927061521825e+00
-1.828279664176566954e-01
-5.038955633702300041e-01
5.225692533025169118e-01
4.082349772480304839e-01
-2.978281407548373783e-01
-1.811029445454331588e-01
-3.868400707311551723e-01
1.439258271946155965e+00
9.145731573189090913e-01
8.302153831544026308e-02
4.523388393915363515e-01
-3.783395806137347939e-01
2.677037844947289802e-01
-2.912960741473678006e-01
8.923569164964195721e-02
-6.374019905265515540e-01
-7.383018780598538111e-01
-1.306906114799938345e+00
-2.873323860371566063e-01
-5.948510299693772208e-01
-2.759620304506275046e-01
-1.755575038996373793e+00
5.478428280066371947e-01
1.232899104405006246e-01
2.093437050132915811e+00
-1.482962282351105721e+00
1.062118060149590093e+00
-3.925562073111689698e-01
1.887544434009355232e+00
9.602830160832889206e-01
5.333690099828524156e-01
3.256292227267166828e-01
1.007412113683315402e+00
-2.234709462857173090e+00
1.452229896159396683e+00
3.246079263015634875e-01
1.279442944426272044e+00
3.120578258203466349e-01
1.014453864617855139e+00
-4.671623388143307243e-01
-1.400467063417502045e-01
-6.636073003841890250e-01
-6.016384717673363136e-01
4.992994319033392525e-01
4.309184013201284857e-01
-1.775440504058864999e-01
-1.072358540079825895e+00
1.009523397194881156e+00
6.978961808514829723e-01
-3.247574791118415516e-01
6.593917727692322206e-01
8.638500944147970984e-01
1.645777162463929244e+00
-1.209594982579059064e+00
6.853370620809113856e-01
8.536689850235641419e-01
-5.676947310643855049e-01
-9.326115574594947555e-01
6.098624046773747781e-02
-2.298414028299176959e+00
-3.762573380057982475e-01
-8.754592456504113607e-02
-5.544520005069030200e-01
-8.002264989728519184e-01
2.673619822585667771e-01
3.890872558825213545e-01
-1.270748619233471821e+00
-1.295144080458731306e+00
-3.520401798292077666e-01
2.046815145649000023e+00
-9.992328168650672637e-01
7.404276886267148194e-01
-1.265746370977313129e+00
-4.954972587463079559e-01
-3.255450751598978898e-02
-2.808081106323340181e-01
-1.644309849724730821e+00
-5.530484586638632905e-02
1.357054431838202735e-01
2.670700311028094687e-01
-2.010269199292751274e+00
3.273396038859678614e-02
-1.597087312824148064e+00
1.360915223795920781e+00
-8.452647126479490014e-01
2.444530407075645451e-01
-2.462436674685407056e-01
-6.581234399869620444e-02
-1.600426455541370974e+00
-6.534945639747740120e-01
-8.460259497428510578e-01
1.470367750630767745e+00
-4.370371725641817306e-01
-9.764186607794085315e-01
-1.429592417212850242e+00
1.204336152066769250e+00
-9.847859432730811102e-01
-1.549270048097925345e+00
1.170094611186124567e+00
4.639125118532143321e-02
6.485556539911492280e-01
-8.658398201353812995e-01
-3.710860335006893052e-01
1.037063153763730233e-01
-6.100582233878573124e-01
-1.514634431166529405e+00
6.086729223902624941e-01
-7.621769073567519204e-02
6.596378617952743939e-01
-3.226892311035426397e-01
6.124411561117311109e-01
-1.222886017071363129e+00
6.627727539171874849e-01
1.011202382465503646e+00
1.507439515704807678e-02
-9.719539416644860097e-01
-2.451485877341907038e+00
1.352329532575717197e+00
-1.237127140705143319e-01
1.033855868995990357e-01
-1.588116965980912898e+00
7.617633655423711181e-01
-7.703371278658001087e-01
-9.964193748033922660e-01
-7.658859300010490978e-01
4.477414018780960792e-01
3.579133419801196897e-02
-1.125814820235955471e+00
5.445167961804576739e-01
-4.215688411979476302e-02
1.202627297664775829e+00
-1.280345778919188771e+00
-1.947013760180143604e+00
1.550297325597485676e+00
-5.487590033652434141e-01
4.466953393060574817e-01
-7.974718830885289822e-03
-5.274710852311221831e-01
4.755822200907113828e-01
-8.265190308281632481e-01
6.913825954395708129e-01
9.420317358115793960e-01
1.695211696333491114e+00
1.098745055076262744e+00
-1.117586870074215866e-01
-2.498089115772640645e-02
1.119769686329104896e+00
-2.052552385825675341e+00
6.736846302072688752e-01
-6.102860581402954621e-01
7.537646764377471387e-01
6.322542779306639105e-01
1.270781987874178398e+00
8.308195507231926902e-01
1.476988019638951766e+00
